2.499999999999922284e+00
2.500000000000044409e+00
2.499999999999975131e+00
2.500000000000023093e+00
2.499999999999985789e+00
2.500000000000023981e+00
2.499999999999964917e+00
2.499999999999978684e+00
2.500000000000014211e+00
2.499999999999943601e+00
2.499999999999988454e+00
2.499999999999995559e+00
2.500000000000001332e+00
2.500000000000066613e+00
2.499999999999992006e+00
2.500000000000019984e+00
2.499999999999996003e+00
2.500000000000033307e+00
2.500000000000032863e+00
2.499999999999919176e+00
2.499999999999966693e+00
2.499999999999883649e+00
2.499999999999976463e+00
2.500000000000048406e+00
2.499999999999994671e+00
2.499999999999981792e+00
2.499999999999921396e+00
2.499999999999985789e+00
2.499999999999958700e+00
2.500000000000027089e+00
2.500000000000011546e+00
2.499999999999975131e+00
2.499999999999976907e+00
2.500000000000082157e+00
2.500000000000012434e+00
2.499999999999968470e+00
2.499999999999978684e+00
2.499999999999973799e+00
2.499999999999978240e+00
2.500000000000006661e+00
2.500000000000043965e+00
2.499999999999980904e+00
2.500000000000053735e+00
2.499999999999998224e+00
2.499999999999963585e+00
2.499999999999969802e+00
2.500000000000083933e+00
2.500000000000068390e+00
2.500000000000062172e+00
2.500000000000032419e+00
2.499999999999955591e+00
2.499999999999976463e+00
2.500000000000031530e+00
2.500000000000138556e+00
2.499999999999943157e+00
2.499999999999946709e+00
2.500000000000033307e+00
2.500000000000025757e+00
2.500000000000062617e+00
2.499999999999904965e+00
2.500000000000006217e+00
2.500000000000011546e+00
2.499999999999970690e+00
2.500000000000000000e+00
2.500000000000109246e+00
2.499999999999968026e+00
2.499999999999928502e+00
2.499999999999963141e+00
2.500000000000020872e+00
2.499999999999956035e+00
2.499999999999981792e+00
2.499999999999986677e+00
2.500000000000013323e+00
2.500000000000096367e+00
2.499999999999937383e+00
2.499999999999899636e+00
2.499999999999975131e+00
2.499999999999966249e+00
2.500000000000045741e+00
2.500000000000087486e+00
2.500000000000004441e+00
2.500000000000089706e+00
2.500000000000000444e+00
2.500000000000040412e+00
2.500000000000004885e+00
2.499999999999997780e+00
2.499999999999990230e+00
2.500000000000004885e+00
2.499999999999916067e+00
2.500000000000097256e+00
2.499999999999939160e+00
2.499999999999962252e+00
2.500000000000042633e+00
2.500000000000074163e+00
2.500000000000016431e+00
2.500000000000033307e+00
2.499999999999977796e+00
2.499999999999942268e+00
2.499999999999989786e+00
2.499999999999990230e+00
