1.188181182502024512e+03
1.364042522512711457e+03
1.130913011236396869e+03
1.321569699833406503e+03
1.402030012498630867e+03
1.095840849419214010e+03
1.267941167875417477e+03
1.255748657829652529e+03
1.122015402162427563e+03
1.233592761405271631e+03
1.250966367810951851e+03
1.145419908761835813e+03
1.241332839962474281e+03
1.224200607543558363e+03
1.376720924276889491e+03
1.245480338260670578e+03
1.207168723985475481e+03
1.203144999839031243e+03
1.392446921570724953e+03
1.419699764516836240e+03
1.301977973189974819e+03
1.348794211357262839e+03
1.276940263907240933e+03
1.151842932148190812e+03
1.326150156767495901e+03
1.201272182817815519e+03
1.224410328978658526e+03
1.182249957513183745e+03
1.260636403853445472e+03
1.211582794803300885e+03
1.152147164839550669e+03
1.249837088112432866e+03
1.231649866770002973e+03
1.235131714099647525e+03
1.163180821559461037e+03
1.151092217210862827e+03
1.289946551800725501e+03
1.273678543953182270e+03
1.389970696703154999e+03
1.239840806889669238e+03
1.241154727235297742e+03
1.147554563171487189e+03
1.253953487494826732e+03
1.172190210634193136e+03
1.205034507684680193e+03
1.170225097040800392e+03
1.199028756135841832e+03
1.150143913788814189e+03
1.389409288385939362e+03
1.277072242836467694e+03
1.141474124264136208e+03
1.295915190079794229e+03
1.304992753923281271e+03
1.173102456468467153e+03
1.272412327679366172e+03
1.206255947333914264e+03
1.233214176356601001e+03
1.264096376203511682e+03
1.267663745741807361e+03
1.349027526118324204e+03
1.193440713278019757e+03
1.155636373718358300e+03
1.203396151753309368e+03
1.225414189103438275e+03
1.071952881551533665e+03
1.146922262195973872e+03
1.183752587815410607e+03
1.202611930113667768e+03
1.337762610965982276e+03
1.237039076860080968e+03
1.260092597127816589e+03
1.215265491635543867e+03
1.334924572677302422e+03
1.173973313116158806e+03
1.134702677464486442e+03
1.325319626163858175e+03
1.297546322983116852e+03
1.287592984732006244e+03
1.386967658344457504e+03
1.248890857742181424e+03
1.324789052277272503e+03
1.286842104828441961e+03
1.323167062895036224e+03
1.382796423541410604e+03
1.277516550580225157e+03
1.248717468640051720e+03
1.329660240413729298e+03
1.374683972833948928e+03
1.126605922362567071e+03
1.335315976997910866e+03
1.250348055847170599e+03
1.248240327757264822e+03
1.251951120765038013e+03
1.302078556682733051e+03
1.395238678873728531e+03
1.212166968564736408e+03
1.344582518968500835e+03
1.219645129989280576e+03
1.373852064468266235e+03
1.239254573886581511e+03
