1176.8659557081282
1171.2881366440429
1137.1786935627242
1338.6514913355336
1211.2642113505935
1176.9211925841144
910.9808484890603
1035.4784907411174
1157.0348986112451
1309.6578887146184
995.1402660983917
1226.5476385001427
1034.342195893704
1180.468503746637
1174.4642304160925
1312.327841698153
1383.0257613261986
1220.6704298538357
1062.8556047157642
1164.7058848130393
1216.079118483398
1348.6790658845157
1018.8921596353379
1370.5603708810768
1173.6050694949508
1247.6287125609317
1393.060484431019
1185.891078824732
1221.0407643254605
1389.609743331052
1156.5860703359772
1059.3008105087376
1329.1253939847063
1109.990482345978
1174.297973269046
1277.9888085649034
1388.935585015864
947.6456676061422
1108.955731000383
1343.814113668121
1437.3001510387905
1243.704144312432
1204.6186986844311
1088.6126533156482
1412.698775288862
1164.9861343963657
1350.9191508661252
1310.8139477120124
1170.5121361012166
1017.6596715777903
1086.7706671614876
1019.4925932081774
1180.0805453163089
1295.6217325477458
1109.4951445333425
1155.17751156761
1134.197166749746
1028.8366877650963
1181.599873352089
1443.8158831068433
1397.9459107582982
1367.809865604603
1141.0869599123735
1142.243431144971
1209.7870506620336
1262.0572484654604
963.9228599118745
1219.3503131935609
996.1260239037482
1003.7937323447418
1241.982585701666
1326.9242759997242
1505.8838459990773
1454.4350353996838
1237.6555547799073
1119.7967260729722
991.0564850148253
1391.9766868011343
1522.8325566583953
1369.4501832429364
1243.8698511944965
1408.3430708710516
1322.4537086258676
1323.875633654684
1404.8365949756067
1123.7085160129157
1498.4882335665195
1426.0573284694772
1110.3939812541357
1139.9290996022892
1378.0859328308009
1166.9632319081811
1224.1567086630496
1325.4115474781775
1435.4348180192144
1033.7193878491835
1142.500660290403
1161.7750899960206
1124.3884451309466
1067.5278990142165
